date,open,high,low,close,volume
2015-01-02,77.6809,78.0861,77.0281,77.3478,4501838
2015-01-05,77.1857,77.7259,76.9966,77.1227,6978986
2015-01-06,77.4198,78.1131,77.2487,77.7169,8205145
2015-01-07,78.1402,79.851,78.0411,79.779,8498428
2015-01-08,80.3282,81.6384,80.2022,81.4628,12713559
2015-01-09,81.3277,81.3907,80.3642,80.4543,8522505
2015-01-12,80.4633,81.3187,80.3372,81.0576,7372534
2015-01-13,81.7599,81.913,80.0761,80.4183,8215406
2015-01-14,78.9235,79.7069,77.888,77.9871,11954333
2015-01-15,78.3382,79.0406,78.0681,78.6804,9412733
2015-01-16,78.5183,78.7524,77.6449,78.1311,8408926
2015-01-20,78.1762,78.9686,77.0344,78.0591,7853065
2015-01-21,77.5279,78.2572,77.1767,78.0141,8174202
2015-01-22,78.5453,79.5944,78.2122,79.5088,7123834
2015-01-23,79.6169,80.3732,79.1396,79.6979,7565786
2015-01-26,79.5178,80.2832,79.3467,79.806,4666660
2015-01-27,79.4908,79.6529,78.5724,78.8155,6020450
2015-01-28,79.2567,79.4458,78.1311,78.1762,5936775
2015-01-29,78.4013,78.9866,77.6809,78.9866,6522794
2015-01-30,78.1402,78.6624,76.4473,76.5194,10280220
2015-02-02,76.3483,77.3207,75.5739,77.1767,6927168
2015-02-03,77.2847,77.9105,77.1317,77.6089,8283477
2015-02-04,77.5369,78.3698,77.4378,78.0231,8932258
2015-02-05,78.4373,78.6624,77.9421,78.5904,5090777
2015-02-06,78.5724,79.2387,78.1402,78.6354,5617641
2015-02-09,78.3112,78.5093,77.1136,77.3568,5456247
2015-02-10,77.9961,78.7074,77.816,78.5994,5732061
2015-02-11,78.0051,78.4463,77.3658,77.744,5853068
2015-02-12,77.9421,78.0501,76.7445,77.3388,6941569
2015-02-13,77.2937,77.5819,76.8255,77.2667,5597012
2015-02-17,76.9246,77.4108,76.5104,77.4018,5087189
2015-02-18,77.4198,77.7079,77.0056,77.6989,6032699
2015-02-19,76.0871,76.3573,75.0877,75.2047,18646754
2015-02-20,74.4934,75.9791,74.3313,75.9071,13840389
2015-02-23,75.9881,76.4113,75.844,76.1772,6730435
2015-02-24,76.1052,76.3753,75.5649,76.1502,5197741
2015-02-25,76.2042,76.2816,75.2047,75.2497,6808428
2015-02-26,75.5019,75.5109,74.9796,75.4568,5888139
2015-02-27,75.3848,75.781,75.0967,75.5739,5877422
2015-03-02,75.5379,75.6369,74.9166,75.6009,6061495
2015-03-03,75.3308,75.4749,74.8896,75.0697,6460768
2015-03-04,74.9256,74.9256,74.0161,74.3583,6214421
2015-03-05,74.8716,75.5199,74.7005,75.2497,5997522
2015-03-06,74.5654,74.8265,74.1737,74.3673,5731008
2015-03-09,74.3673,75.0426,74.3223,74.6284,4671505
2015-03-10,74.0792,74.2863,73.8991,73.8991,6311098
2015-03-11,74.1165,74.2524,72.957,73.0929,6160869
2015-03-12,73.2016,74.3883,73.1744,74.189,5225826
2015-03-13,74.2343,74.506,73.6364,74.189,4762226
2015-03-16,74.6872,75.5206,74.6781,75.4481,6519099
2015-03-17,75.1673,75.1945,74.497,74.8412,4801973
2015-03-18,74.2615,75.1492,73.5141,74.7597,10252336
2015-03-19,74.5785,74.6781,73.7089,73.8448,7212928
2015-03-20,74.1256,75.6293,74.0169,75.4028,12365307
2015-03-23,75.3485,76.0007,75.2941,75.4662,6505721
2015-03-24,75.3575,75.8286,75.1492,75.2307,5359147
2015-03-25,75.2669,75.4119,73.6545,73.6636,6645873
2015-03-26,73.3103,74.5604,73.0567,74.1799,8267163
2015-03-27,74.1437,74.4426,73.5957,73.6908,5717385
2015-03-30,74.0078,75.0043,73.7632,74.7597,5701696
2015-03-31,74.6329,75.2217,74.506,74.506,5587701
2015-04-01,74.5332,74.5332,72.8574,73.111,8306662
2015-04-02,73.1291,73.6591,72.9661,73.1291,5795731
2015-04-06,72.8846,73.6727,72.6038,73.3647,6380720
2015-04-07,73.4553,73.6364,72.8846,72.9208,6606095
2015-04-08,72.8212,73.5821,72.794,73.4009,6694715
2015-04-09,73.2288,73.727,72.9933,73.2288,3923559
2015-04-10,73.2469,73.3737,72.9617,73.0567,5480618
2015-04-13,72.8302,73.3013,72.7125,72.7306,4698111
2015-04-14,72.7306,72.8483,72.178,72.6038,5531712
2015-04-15,72.9933,73.3556,72.1517,72.2324,6200361
2015-04-16,72.015,72.3682,71.6798,71.7794,8015088
2015-04-17,71.5077,71.6979,70.2485,70.5475,11822777
2015-04-20,71.0095,71.408,70.6743,70.783,8847616
2015-04-21,71.2087,71.4171,70.5701,70.6834,6200236
2015-04-22,70.4116,71.2359,70.2485,71.0457,7594683
2015-04-23,71.0004,72.0512,70.8373,71.7251,7468851
2015-04-24,71.9062,73.3103,71.7794,72.3229,6867845
2015-04-27,72.2595,72.3411,71.8247,71.8972,6449809
2015-04-28,71.9787,71.9968,71.3537,71.6526,4895876
2015-04-29,71.2903,71.3672,70.4659,70.5475,7108407
2015-04-30,70.5022,71.091,70.2848,70.7015,8795903
2015-05-01,70.8373,71.3446,70.8104,71.1997,5000017
2015-05-04,71.5439,72.0557,71.0729,71.7251,6669210
2015-05-05,71.5711,71.5711,70.7105,70.7739,5855414
2015-05-06,71.0292,71.2115,70.3455,70.7831,5480055
2015-05-07,70.856,71.4121,70.464,71.1295,5538289
2015-05-08,71.6491,72.2416,71.4668,71.5853,5347396
2015-05-11,71.3938,71.6581,71.1295,71.1933,3744882
2015-05-12,71.1204,72.4512,70.9836,71.9772,8448963
2015-05-13,72.1778,72.4057,71.0839,71.248,8421167
2015-05-14,71.4394,71.804,71.1204,71.7585,6170246
2015-05-15,71.7493,72.2416,71.6217,72.2325,6617173
2015-05-18,72.351,72.8706,72.1595,72.8523,8300267
2015-05-19,71.2662,71.4303,69.4887,69.671,22458581
2015-05-20,69.7165,69.7348,69.124,69.1878,10541876
2015-05-21,69.0967,69.6619,68.8779,69.3793,6756162
2015-05-22,69.4613,69.6254,69.1514,69.1514,6815006
2015-05-26,69.0693,69.124,68.1988,68.2763,10573616
2015-05-27,68.3765,68.8323,68.3674,68.5406,6987068
2015-05-28,68.4312,68.5133,68.0484,68.2216,5025471
2015-05-29,68.2034,68.258,67.5926,67.702,6375067
2015-06-01,68.0848,68.4404,67.8296,68.1213,5646037
2015-06-02,67.9481,68.3674,67.8387,67.939,5797834
2015-06-03,68.094,68.5497,67.8889,68.2672,6093825
2015-06-04,67.8752,68.3492,67.4103,67.5926,8982797
2015-06-05,67.6108,67.702,66.5261,66.599,10635085
2015-06-08,66.9363,66.991,66.1797,66.1888,9592958
2015-06-09,66.2708,66.4076,65.9609,66.0612,8335572
2015-06-10,66.2799,66.8451,65.9394,66.4805,11215817
2015-06-11,66.754,67.1551,66.3985,66.4896,7419959
2015-06-12,66.3073,66.4531,65.9974,66.0247,7246589
2015-06-15,65.815,65.9974,65.3593,65.5689,7566777
2015-06-16,65.8333,66.1614,65.3775,65.9518,6215625
2015-06-17,66.207,66.4531,65.9427,66.2982,5703861
2015-06-18,66.3073,66.9819,66.3073,66.5261,8376621
2015-06-19,66.362,66.7448,66.2708,66.3073,14550688
2015-06-22,66.5261,66.7174,66.2663,66.3529,6489463
2015-06-23,66.444,66.4896,65.9427,66.1523,7876315
2015-06-24,66.1432,66.2253,65.7604,65.9791,7338351
2015-06-25,66.0429,66.207,65.4778,65.5051,5293151
2015-06-26,65.5963,66.0521,65.5142,65.7421,6897822
2015-06-29,65.4504,65.6327,65.0949,65.104,8187836
2015-06-30,65.4595,65.4595,64.5206,64.6574,11102559
2015-07-01,65.2681,65.5872,64.1378,65.5233,10773904
2015-07-02,65.651,66.1432,65.3228,65.5051,6586071
2015-07-06,65.0676,66.2617,65.0676,66.1159,10536477
2015-07-07,66.2344,67.3282,65.6327,67.2644,12421297
2015-07-08,66.8178,67.0821,66.4531,66.599,7790963
2015-07-09,67.1551,67.2097,66.2799,66.3438,8695824
2015-07-10,66.6172,67.0458,66.6172,66.6537,5579323
2015-07-13,67.0092,67.5516,67.0092,67.3465,6084498
2015-07-14,67.4376,67.5379,66.9853,67.2644,5518153
2015-07-15,67.0821,67.3647,66.7175,67.1368,4566724
2015-07-16,67.4285,67.5835,67.2371,67.3009,5231727
2015-07-17,67.2189,67.5197,66.8269,66.8998,5680568
2015-07-20,66.8633,66.9454,66.5989,66.6355,5085621
2015-07-21,66.6355,66.8087,66.1159,66.3073,6441071
2015-07-22,66.3438,67.2918,66.3438,66.6902,6961551
2015-07-23,66.6081,66.7448,66.0156,66.0976,4252929
2015-07-24,66.1159,66.1432,65.177,65.2499,5951117
2015-07-27,65.0676,65.3137,64.7303,65.0676,6197584
2015-07-28,65.2043,65.9882,64.9308,65.7239,8592296
2015-07-29,65.8606,66.207,65.7148,65.8424,4939670
2015-07-30,65.6601,66.1159,65.4325,65.7786,4604530
2015-07-31,66.0338,66.0794,65.3255,65.6145,7928371
2015-08-03,65.4869,65.9791,65.4869,65.7968,5131845
2015-08-04,66.0156,66.362,65.5689,65.8606,5873371
2015-08-05,66.4388,67.6366,66.3103,67.4668,8715807
2015-08-06,67.3199,67.3474,66.6866,66.8059,6367735
2015-08-07,66.7325,66.8381,65.3191,65.3926,7797473
2015-08-10,65.622,65.8514,65.4752,65.6036,6020087
2015-08-11,65.3926,66.4205,65.3008,66.0167,6829195
2015-08-12,65.6495,66.6866,65.4109,66.6132,8903056
2015-08-13,66.448,66.7876,66.0534,66.1819,7652355
2015-08-14,66.3562,66.6316,66.1176,66.4297,5912505
2015-08-17,65.9249,66.292,65.8606,65.9983,7604423
2015-08-18,64.2453,64.7042,63.5478,63.7681,21314976
2015-08-19,63.2082,63.6855,62.1986,62.9329,16332664
2015-08-20,62.4832,63.6029,62.3547,62.8044,9860124
2015-08-21,62.3271,62.6943,61.0698,61.0698,15746497
2015-08-24,58.4999,60.721,56.4441,58.6927,22239613
2015-08-25,60.0694,60.308,57.8208,57.9126,14801032
2015-08-26,58.9497,59.5187,57.8391,59.5003,13928303
2015-08-27,59.9501,60.7393,59.6105,60.6476,13912815
2015-08-28,60.6568,60.6843,59.1516,59.6013,14303018
2015-08-31,59.4912,59.6564,59.0047,59.4086,8175248
2015-09-01,58.555,59.0277,58.0686,58.5734,13393949
2015-09-02,59.2434,59.6013,58.7936,59.1424,9514557
2015-09-03,59.3994,59.6655,59.0965,59.5279,8523840
2015-09-04,58.8028,59.0139,58.2889,58.6376,9232402
2015-09-08,59.8675,61.0331,59.8216,60.9229,17706779
2015-09-09,61.3635,61.5011,59.6655,59.7665,9464206
2015-09-10,58.8028,59.3351,58.5826,58.8487,14524756
2015-09-11,58.9038,59.3627,58.7294,59.3351,8062420
2015-09-14,59.3351,59.3535,58.5734,58.9956,6956674
2015-09-15,59.1791,59.381,58.7845,59.0323,6860845
2015-09-16,59.2892,59.4407,58.7845,59.3719,5625384
2015-09-17,59.381,59.9225,58.8854,59.1699,7133132
2015-09-18,58.5091,58.9497,58.0594,58.1328,12885204
2015-09-21,58.5091,58.7386,58.1604,58.4816,7119571
2015-09-22,58.0319,58.5734,57.7428,58.3623,8800800
2015-09-23,58.4816,58.6742,57.9263,58.4816,5876630
2015-09-24,58.1512,58.7156,58.0961,58.5826,6956226
2015-09-25,58.8028,59.1608,58.3898,58.5367,7163040
2015-09-28,58.3715,58.6927,58.2613,58.4265,9394361
2015-09-29,58.5091,58.7753,58.0355,58.5367,7640099
2015-09-30,59.1332,59.6013,58.6743,59.5095,7979203
2015-10-01,59.4361,59.6013,58.6239,58.9864,7837174
2015-10-02,58.5183,59.638,58.1971,59.638,7083997
2015-10-05,59.8491,60.5007,59.7849,60.4548,6300307
2015-10-06,60.152,60.5283,59.8216,60.2805,7410921
2015-10-07,60.4273,60.9046,60.3631,60.9046,7189740
2015-10-08,60.7852,61.4791,60.7118,61.3818,5974536
2015-10-09,61.4369,61.5103,61.0376,61.2074,6753997
2015-10-12,61.1891,61.4919,61.1065,61.4277,5643870
2015-10-13,61.1432,61.4369,60.8128,61.2441,8858374
2015-10-14,61.134,62.3638,55.0858,55.0949,80898117
2015-10-15,54.7921,55.4988,53.7917,54.4525,46253486
2015-10-16,54.581,54.5993,53.5714,54.0487,26195129
2015-10-19,53.9569,54.425,53.6907,54.012,17805797
2015-10-20,54.0211,54.1496,53.755,53.9202,10423659
2015-10-21,53.9661,54.1817,53.755,53.8192,13138084
2015-10-22,54.0946,55.0307,53.8192,54.0578,14588529
2015-10-23,54.324,54.4066,53.4337,53.5072,13040574
2015-10-26,53.5989,53.6448,53.2043,53.2502,10839811
2015-10-27,53.241,53.2685,52.6628,52.7546,10511422
2015-10-28,52.9198,52.9749,52.4609,52.9014,11834651
2015-10-29,52.9749,53.342,52.7546,53.1951,12855516
2015-10-30,52.984,53.342,52.5343,52.5343,15805451
2015-11-02,52.5802,52.8739,52.103,52.8739,10719225
2015-11-03,52.8372,53.5347,52.8005,53.3328,10253917
2015-11-04,53.7642,53.9294,53.4062,53.5714,10056498
2015-11-05,53.6999,54.1313,53.6173,53.7917,8860481
2015-11-06,54.0762,54.3332,53.5164,53.9477,9977338
2015-11-09,53.6907,53.9477,53.2502,53.6816,8440412
2015-11-10,53.5164,53.8835,53.5164,53.8559,7614883
2015-11-11,53.6907,53.9018,52.7454,52.8464,8689874
2015-11-12,52.9014,53.0207,52.2406,52.2682,9551481
2015-11-13,52.0754,52.3691,51.6716,51.7817,12514909
2015-11-16,51.7542,53.2594,51.7267,53.1125,13321644
2015-11-17,54.4617,55.8934,54.3332,54.994,24679343
2015-11-18,55.1041,56.0494,54.6544,55.921,14877655
2015-11-19,56.0953,56.3156,55.4621,55.7099,11566088
2015-11-20,55.9668,56.4166,55.0858,55.1317,12371097
2015-11-23,55.3336,55.742,54.9573,55.306,10577039
2015-11-24,55.0215,55.4483,54.9389,54.994,12453866
2015-11-25,55.0674,55.719,54.9527,55.2877,7821028
2015-11-27,55.4712,55.7007,54.9481,54.9665,5340915
2015-11-30,54.9481,55.1225,53.9018,54.0028,14942599
2015-12-01,54.2689,54.4158,53.8284,54.1404,12204131
2015-12-02,54.2422,54.8715,53.9692,54.0016,13586877
2015-12-03,54.3163,55.214,54.2283,54.6402,15844091
2015-12-04,54.6494,55.3898,54.6309,55.214,10435274
2015-12-07,55.1307,56.2042,55.1307,55.9914,11595928
2015-12-08,55.5934,55.9821,55.0659,55.1677,10377620
2015-12-09,54.8438,55.6304,54.5106,54.7235,8981982
2015-12-10,54.7235,55.6119,54.6865,55.1214,11359446
2015-12-11,54.6494,55.0937,54.4273,54.9363,9744152
2015-12-14,54.8808,55.9358,54.6679,55.8896,14524932
2015-12-15,56.1209,56.306,55.1307,55.1955,14615439
2015-12-16,55.6304,56.1302,55.251,55.8063,9960479
2015-12-17,55.834,55.834,54.5754,54.5846,12976095
2015-12-18,54.5384,54.9733,54.3718,54.4643,16256725
2015-12-21,54.4366,55.1399,54.2977,55.1122,9645451
2015-12-22,55.3343,56.1765,55.1677,56.0284,9266299
2015-12-23,56.4541,56.5652,55.9358,56.5374,7519834
2015-12-24,56.2505,56.5467,56.158,56.2968,2483121
2015-12-28,56.0654,56.4263,55.9914,56.2227,5421662
2015-12-29,56.4541,57.1482,56.4356,57.0187,7883635
2015-12-30,57.0649,57.2593,56.9076,57.0834,5716745
2015-12-31,56.7595,57.1205,56.6114,56.7318,6575142
2016-01-04,55.9914,56.9076,55.8618,56.8798,11989191
2016-01-05,57.4074,58.3513,57.2408,58.231,13325958
2016-01-06,57.8238,59.1843,57.8146,58.8141,16564620
2016-01-07,58.2773,60.3689,58.231,60.1838,26430005
2016-01-08,60.2301,60.5355,58.6845,58.8048,17767864
2016-01-11,59.0084,59.6609,58.8835,59.4341,12653762
2016-01-12,59.5822,59.9061,58.7039,58.8789,12195893
2016-01-13,58.9807,58.9807,57.2223,57.3056,13725740
2016-01-14,57.3796,58.8789,57.213,58.3606,12934866
2016-01-15,56.9631,57.8146,56.6947,57.3148,15174382
2016-01-19,57.611,58.12,57.3888,57.8979,13051305
2016-01-20,57.1945,57.685,55.7137,56.306,17369072
2016-01-21,56.4356,58.1107,56.3708,57.2685,12089164
2016-01-22,57.7868,58.5457,57.4999,58.0182,9197462
2016-01-25,58.1015,59.064,57.8886,58.7215,12823445
2016-01-26,58.6382,59.6655,58.5457,59.2305,9441226
2016-01-27,59.3231,60.3226,59.1287,59.1843,10214293
2016-01-28,59.2583,59.7025,58.703,59.4341,11278338
2016-01-29,59.9247,61.572,59.9154,61.4147,16439093
2016-02-01,60.9982,62.8677,60.9797,62.4697,14728358
2016-02-02,62.2846,62.7844,61.3406,61.8774,13585939
2016-02-03,62.2939,62.4697,60.2208,61.3314,12315590
2016-02-04,60.8594,61.5905,60.1653,61.4702,12833366
2016-02-05,61.8774,62.4975,60.9704,62.007,14196535
2016-02-08,61.5442,62.1458,60.3069,61.9144,20743629
2016-02-09,60.6095,61.4609,59.8599,60.9057,14642361
2016-02-10,61.2573,61.6275,60.753,60.8871,9709266
2016-02-11,60.1745,60.8594,59.9524,60.4522,11186680
2016-02-12,60.6373,61.3129,60.0357,61.2481,9695461
2016-02-16,61.646,61.8219,60.6188,60.989,11360488
2016-02-17,61.174,61.646,60.9057,61.1833,12426682
2016-02-18,58.9899,59.9524,57.7035,59.3416,27894634
2016-02-19,59.1287,59.9385,58.7123,59.8414,15562317
2016-02-22,60.119,61.2064,60.119,60.7391,10587265
2016-02-23,60.9334,61.6368,60.4152,61.5257,11432011
2016-02-24,61.2573,62.3124,60.8224,62.118,10291228
2016-02-25,62.4234,63.0528,62.3124,62.9695,9581295
2016-02-26,63.0065,63.1175,61.3591,61.5535,10984287
2016-02-29,61.6645,61.9607,61.2851,61.3962,9345187
2016-03-01,61.6831,61.9052,61.0815,61.5072,10429465
2016-03-02,61.2758,61.7016,61.0815,61.2758,9165553
2016-03-03,61.0352,61.2666,60.045,61.2111,11846761
2016-03-04,61.2111,62.2661,61.1648,61.8034,10010539
2016-03-07,61.6553,63.3767,61.3314,62.8306,12825429
2016-03-08,62.6826,63.3674,62.4558,62.9695,10067851
2016-03-09,63.2026,63.389,62.5779,62.9602,7824756
2016-03-10,62.9788,63.431,61.9066,62.8483,10225809
2016-03-11,63.1839,63.3424,62.2796,62.6245,8290910
2016-03-14,62.6059,63.0907,62.4287,62.8017,6713041
2016-03-15,62.466,63.7238,62.466,63.4823,7566964
2016-03-16,63.3424,63.7154,62.6991,63.389,8218029
2016-03-17,63.2305,64.2561,62.7084,62.8856,11836578
2016-03-18,62.9136,63.4263,62.233,62.4194,23153141
2016-03-21,62.494,63.7527,62.4381,63.3704,9415829
2016-03-22,63.3984,64.0323,63.2026,63.2772,7514506
2016-03-23,63.4077,63.4916,62.8763,62.8949,6110647
2016-03-24,62.8669,63.4357,62.8203,63.3984,6304737
2016-03-28,63.3331,63.9345,63.3331,63.5102,5603464
2016-03-29,63.5382,63.5933,62.8669,63.4263,6491000
2016-03-30,63.706,64.3307,63.6687,64.1442,7208543
2016-03-31,64.0976,64.5078,63.8366,63.8552,6283490
2016-04-01,63.417,64.5172,63.417,64.3866,6602374
2016-04-04,64.3307,64.6757,64.2561,64.4239,6823402
2016-04-05,64.3587,64.5638,63.6501,63.9951,5779038
2016-04-06,64.051,64.3866,63.8832,64.368,5362697
2016-04-07,64.1722,64.2654,63.3471,63.6035,6110491
2016-04-08,63.6874,63.762,63.2678,63.4543,6515993
2016-04-11,63.4077,63.7433,62.8203,62.839,7865437
2016-04-12,62.9975,64.2095,62.8856,64.1442,7734579
2016-04-13,64.34,64.7223,64.2095,64.4705,6262715
2016-04-14,64.4705,64.5545,63.5382,64.1442,6977130
2016-04-15,64.2748,64.713,64.2748,64.3866,7584493
2016-04-18,64.3773,65.1698,64.1908,65.1325,6622852
2016-04-19,65.0672,65.3376,64.7969,65.0486,8199408
2016-04-20,65.0393,65.2537,64.4528,64.5265,5412547
2016-04-21,64.7689,64.9647,63.6221,63.8366,6617616
2016-04-22,64.1629,64.2748,63.6594,64.0696,6215117
2016-04-25,63.9111,64.7969,63.4543,64.7689,5896232
2016-04-26,64.9833,65.1604,64.4239,64.6104,6648430
2016-04-27,64.7875,65.0579,64.3214,64.7223,5147280
2016-04-28,64.396,64.9087,64.0976,64.2468,4776912
2016-04-29,64.079,64.1629,61.8693,62.3448,12098959
2016-05-02,62.1118,63.1187,62.0278,63.0161,7609700
2016-05-03,62.3355,62.9275,62.233,62.466,5922559
2016-05-04,62.3262,62.9229,61.9439,62.6432,6029518
2016-05-05,62.4381,62.6991,62.0745,62.6618,8090984
2016-05-06,62.3821,63.6408,62.2796,63.6315,9825385
2016-05-09,63.6315,64.4239,63.5475,64.2841,8656229
2016-05-10,64.2561,64.4519,63.8179,64.1384,6402932
2016-05-11,63.3682,63.3964,61.6213,62.3727,14597543
2016-05-12,62.5041,62.9737,62.3445,62.7859,9533453
2016-05-13,62.4384,62.5041,60.7197,60.992,13744712
2016-05-16,60.9169,62.3163,60.7478,62.0064,10181795
2016-05-17,62.0439,62.2412,60.9357,61.1423,9252650
2016-05-18,59.1887,59.8997,58.907,59.3108,22255902
2016-05-19,63.9599,65.1151,63.3964,64.993,35076690
2016-05-20,65.1151,65.8759,64.6643,65.6129,16746603
2016-05-23,65.3687,65.8008,65.2185,65.2748,10099788
2016-05-24,65.4157,66.1389,65.3218,65.9698,8827986
2016-05-25,65.9792,66.6789,65.9698,66.1952,7269763
2016-05-26,66.3925,67.0358,66.3079,66.5427,8693866
2016-05-27,66.5521,66.5803,66.2046,66.4488,5773666
2016-05-31,66.2891,66.6836,66.1952,66.477,8390184
2016-06-01,66.214,66.5944,66.1295,66.214,7221459
2016-06-02,66.214,66.6836,65.8806,66.6367,6508681
2016-06-03,66.2798,66.7306,66.2328,66.5615,6374529
2016-06-06,67.172,67.2002,66.6836,66.7306,9017963
2016-06-07,66.7775,66.9748,66.5427,66.7118,7363374
2016-06-08,66.5427,67.1063,66.4958,66.9466,6138989
2016-06-09,67.0217,67.2377,66.5427,66.7681,6069859
2016-06-10,66.6836,67.0687,66.3831,66.8151,7511406
2016-06-13,66.6836,66.8527,66.1999,66.2422,7907562
2016-06-14,66.3643,66.8433,65.9322,66.6367,9066382
2016-06-15,66.8715,67.2612,66.6836,66.7963,8016982
2016-06-16,66.6836,67.1156,66.4958,66.9654,6705181
2016-06-17,66.7306,66.9748,66.1201,66.6367,18059297
2016-06-20,66.9748,67.4162,66.7306,66.7775,7142522
2016-06-21,66.6367,67.3598,66.6367,67.1156,6674766
2016-06-22,67.2471,67.8576,67.2143,67.388,8457512
2016-06-23,67.8107,67.8482,67.4209,67.7167,6970182
2016-06-24,66.261,68.299,66.2234,67.5852,15120363
2016-06-27,67.2847,67.4068,66.5662,67.1532,11346061
2016-06-28,67.3974,67.5007,66.3737,67.1626,8561177
2016-06-29,67.2753,68.083,67.2096,68.0549,7014708
2016-06-30,68.1582,68.7452,67.9234,68.5808,8713585
2016-07-01,68.6841,68.7217,68.0126,68.3836,7638798
2016-07-05,68.3272,69.1443,68.2615,68.6935,10748626
2016-07-06,68.8062,69.4824,68.7217,69.3322,11062733
2016-07-07,69.2476,69.4375,68.7029,69.0598,7486861
2016-07-08,69.3322,69.3603,68.7874,69.351,9127565
2016-07-11,69.1913,69.83,69.0316,69.5576,9040070
2016-07-12,69.088,69.2476,68.562,68.8156,12361175
2016-07-13,68.7968,69.1537,68.5057,69.1443,6398960
2016-07-14,69.304,69.6045,69.1349,69.2195,6646403
2016-07-15,69.4824,69.5106,68.9753,69.1913,5994796
2016-07-18,69.1631,69.6703,69.0598,69.351,5457313
2016-07-19,69.1631,69.4637,69.1115,69.1819,4798083
2016-07-20,69.3885,69.6045,69.1537,69.304,5281986
2016-07-21,68.9659,69.1781,68.6935,69.0504,4432231
2016-07-22,69.2758,69.4167,68.9565,69.0786,4316633
2016-07-25,69.0786,69.3463,68.9471,69.2664,4733956
2016-07-26,69.2289,69.567,68.9471,69.2476,5248283
2016-07-27,69.1819,69.3322,68.6888,68.8626,5777916
2016-07-28,68.6935,68.8626,68.0642,68.7874,4603167
2016-07-29,68.7217,68.7968,68.3366,68.5338,6302187
2016-08-01,68.3836,69.4918,68.3836,69.2946,5868395
2016-08-02,69.2195,69.2383,68.2145,68.6841,6513056
2016-08-03,68.562,68.9377,68.1018,68.5057,6568133
2016-08-04,68.3742,69.0222,68.177,68.8438,4944907
2016-08-05,68.9941,69.4543,68.9941,69.2758,5415442
2016-08-08,69.5012,69.567,68.5996,68.8814,6577187
2016-08-09,68.9001,69.3885,68.6372,69.0692,6427875
2016-08-10,69.5704,70.4593,69.4002,69.9297,8052272
2016-08-11,70.4498,70.7335,69.5326,69.7879,6290331
2016-08-12,69.7879,70.0905,69.5609,69.873,9994186
2016-08-15,69.7973,69.9865,69.1354,69.334,9636116
2016-08-16,68.6437,69.3245,68.2843,68.9273,9763349
2016-08-17,68.0763,68.9841,68.0763,68.9652,14343332
2016-08-18,70.8659,71.1023,69.8541,70.2607,26858329
2016-08-19,70.0716,70.2512,68.7193,68.8517,15346426
2016-08-22,69.0881,69.1638,68.5113,68.7477,10312074
2016-08-23,68.9273,69.0976,68.0479,68.0574,9391390
2016-08-24,68.0574,68.795,67.8588,68.3032,10050690
2016-08-25,68.4356,68.6342,67.1874,67.3481,10514203
2016-08-26,67.5278,67.7926,67.0361,67.2725,10038464
2016-08-29,67.2725,67.7642,67.2347,67.5184,7468105
2016-08-30,67.8588,67.8588,67.2819,67.4332,5774180
2016-08-31,67.5751,67.7453,67.2819,67.5562,6311636
2016-09-01,67.6791,68.899,67.5278,68.8801,11761356
2016-09-02,69.0219,69.211,68.4782,68.5586,8082949
2016-09-06,68.8044,69.107,68.2749,69.0314,9570905
2016-09-07,69.0314,69.0786,68.0952,68.1425,9618272
2016-09-08,67.9817,68.3883,67.8115,67.925,9661224
2016-09-09,67.4427,67.6223,66.4782,66.4782,12172571
2016-09-12,66.9415,68.3127,66.8753,68.029,10864043
2016-09-13,67.9344,68.0006,67.2819,67.5751,7507915
2016-09-14,67.7264,68.1425,67.5184,67.6318,6980495
2016-09-15,67.594,68.6153,67.386,68.464,7331974
2016-09-16,68.3883,68.9935,68.2938,68.9084,13935682
2016-09-19,68.6909,68.9084,68.1708,68.1708,6920677
2016-09-20,68.2276,68.6058,67.9912,68.0574,5910577
2016-09-21,68.2559,68.5964,67.6248,68.2654,6675884
2016-09-22,68.4924,68.5964,68.0763,68.3411,5871871
2016-09-23,68.6531,68.8139,68.4072,68.4167,7696449
2016-09-26,68.3789,68.3978,67.6318,67.7264,5948719
2016-09-27,68.0195,68.5491,67.6886,68.3978,6344407
2016-09-28,68.2938,68.3883,67.4994,67.8871,6184932
2016-09-29,67.6791,67.8115,66.7808,66.8848,7996767
2016-09-30,67.6129,68.516,67.5184,68.1992,9982598
2016-10-03,67.925,68.2229,67.7075,68.0952,5857743
2016-10-04,68.0857,68.6247,67.6602,67.8493,6569284
2016-10-05,67.9628,68.3363,67.7075,67.7737,6464442
2016-10-06,66.3836,66.6011,65.1448,65.5893,20110251
2016-10-07,65.4947,65.6933,64.4639,64.9651,12653847
2016-10-10,65.0124,65.211,64.0668,64.2843,8988413
2016-10-11,64.2559,64.2654,63.6412,63.7264,8591494
2016-10-12,64.0573,64.2181,63.7073,63.7925,8940655
2016-10-13,63.5372,64.8138,63.4237,64.5207,9193819
2016-10-14,64.7004,65.0692,64.5018,64.7287,6416018
2016-10-17,64.9179,64.9179,64.1141,64.5112,7493385
2016-10-18,64.8422,65.2299,64.5207,65.1259,7857699
2016-10-19,65.4569,65.5703,64.9604,65.1448,7123273
2016-10-20,65.2299,65.3245,64.8422,64.9935,6294027
2016-10-21,64.6247,64.8989,64.2937,64.6247,7844583
2016-10-24,64.8895,65.5987,64.672,65.4285,7163632
2016-10-25,65.2583,66.0715,65.2488,65.5893,7629748
2016-10-26,65.5325,66.0148,65.3812,65.8068,5050540
2016-10-27,65.8162,66.1945,65.6176,66.0337,7131613
2016-10-28,66.0053,66.393,65.9391,66.185,6952858
2016-10-31,66.2512,66.3552,66.0526,66.2134,6389047
2016-11-01,66.1756,66.2512,65.3812,65.5325,8838603
2016-11-02,65.438,66.1661,65.438,65.6744,7645275
2016-11-03,65.8446,66.2701,65.5798,65.8446,6803940
2016-11-04,65.9202,66.1377,65.3718,65.4001,7262105
2016-11-07,65.8351,66.0432,65.4001,65.9864,9755441
2016-11-08,65.9202,66.2323,65.6933,65.9959,7621295
2016-11-09,65.5325,67.6129,65.5231,67.2347,16779465
2016-11-10,67.3765,68.1708,67.1401,67.5089,14321300
2016-11-11,67.2441,67.4049,66.7618,67.3576,8223872
2016-11-14,67.2914,67.4332,66.3741,66.6578,12917474
2016-11-15,66.9415,67.5373,66.5254,67.5373,9725063
2016-11-16,67.8493,68.1425,67.4522,67.5089,11192448
2016-11-17,65.3245,65.7406,64.4167,65.4285,23440319
2016-11-18,65.1826,65.6271,64.7193,64.8138,11135265
2016-11-21,64.88,65.6271,64.7004,65.5987,8355966
2016-11-22,65.9391,66.5916,65.9391,66.3079,10984049
2016-11-23,66.4025,67.0313,66.3647,66.9793,7442950
2016-11-25,67.2441,67.7548,67.1212,67.3576,4234383
2016-11-28,67.0739,67.6318,66.951,67.3198,7099193
2016-11-29,67.4994,67.8871,67.3292,67.49,7310092
2016-11-30,67.0644,67.2914,66.3505,66.6011,9326127
2016-12-01,66.4309,66.8848,66.2417,66.828,6849803
2016-12-02,66.7429,67.0928,66.62,67.0266,6674206
2016-12-05,67.0455,67.1306,66.0148,66.1377,10527877
2016-12-06,66.2039,66.5633,65.7216,66.5349,7778009
2016-12-07,66.6015,67.2873,66.573,67.2396,6966249
2016-12-08,67.1254,67.5254,66.973,66.992,6844217
2016-12-09,66.9254,67.0777,66.4206,66.7444,10756653
2016-12-12,66.7349,68.3635,66.6873,68.2587,9083716
2016-12-13,68.2587,68.7921,68.2016,68.3825,8887510
2016-12-14,68.4778,69.0302,67.792,67.9444,8669378
2016-12-15,67.8301,68.3825,67.6492,67.6968,7136295
2016-12-16,67.6873,68.2301,67.2349,67.6016,17844831
2016-12-19,67.4682,68.334,67.4682,68.173,5889328
2016-12-20,68.3159,68.5094,68.1063,68.4016,6108070
2016-12-21,68.2492,68.573,67.8492,67.8492,5100967
2016-12-22,67.8492,67.8492,65.9158,66.2777,12106782
2016-12-23,66.1253,66.4292,66.0587,66.2301,4803947
2016-12-27,66.0015,66.492,65.9539,66.3825,4435668
2016-12-28,66.6111,66.6682,65.9634,66.011,4875651
2016-12-29,65.9158,66.2111,65.8301,65.9634,4298446
2016-12-30,65.8301,66.1253,65.5539,65.8301,6889488
2017-01-03,65.9444,65.9444,64.811,65.392,10473162
2017-01-04,65.392,66.3158,65.3348,65.7729,7917952
2017-01-05,65.1729,66.0301,64.8777,65.9158,7099170
2017-01-06,65.1539,65.2396,64.7729,65.011,9491115
2017-01-09,65.0777,65.5253,65.0682,65.4396,8685232
2017-01-10,65.3729,65.973,64.9729,64.9825,10256492
2017-01-11,64.9539,65.3539,64.9444,65.2682,6697593
2017-01-12,65.1063,65.2967,64.6872,64.7348,6544856
2017-01-13,64.7444,64.7824,63.8872,63.9348,10012519
2017-01-17,64.8491,65.992,64.8205,65.1634,13167509
2017-01-18,64.6491,64.8682,64.3253,64.8682,7321456
2017-01-19,64.8872,64.9444,64.2682,64.4015,6821078
2017-01-20,64.5158,64.6015,63.83,63.9824,12054682
2017-01-23,63.8205,63.9823,63.3919,63.4777,7951427
2017-01-24,63.7062,64.2015,63.4872,64.192,10710616
2017-01-25,64.3062,64.5063,63.611,63.7062,8722855
2017-01-26,63.9348,64.0242,63.4491,63.5538,6504073
2017-01-27,63.6777,63.7824,62.1729,62.5348,13433484
2017-01-30,62.5062,63.3157,62.5062,63.2586,8641511
2017-01-31,63.0586,63.7062,62.7443,63.5634,9320880
2017-02-01,63.2967,63.5385,62.8967,63.0776,9049972
2017-02-02,63.1824,63.9443,63.1824,63.5253,8998739
2017-02-03,63.6396,63.7443,63.2824,63.3348,7625330
2017-02-06,63.211,63.6824,63.211,63.2396,9097238
2017-02-07,63.3919,63.811,63.3443,63.7062,5805722
2017-02-08,63.7062,64.592,63.7062,64.5824,7660755
2017-02-09,64.5729,65.8491,64.5253,65.792,11080479
2017-02-10,65.0015,65.3348,64.5348,64.7824,12445633
2017-02-13,65.0682,65.3825,64.3443,64.5443,8374307
2017-02-14,64.6491,65.411,64.4872,65.392,8462328
2017-02-15,64.5348,65.4396,64.5348,65.4206,8563295
2017-02-16,65.4015,65.9444,65.3444,65.592,8413787
2017-02-17,65.5539,66.4634,65.4253,66.0682,12837447
2017-02-21,67.8206,68.8397,67.3349,68.0492,22412893
2017-02-22,68.8111,68.9254,68.0778,68.2968,15242674
2017-02-23,68.573,69.0492,67.773,67.9159,12799700
2017-02-24,67.9444,69.3349,67.9063,68.9444,13889852
2017-02-27,68.8397,68.973,68.1206,68.3254,9254685
2017-02-28,67.4968,67.6206,66.6682,67.5539,15952573
2017-03-01,67.592,67.6968,66.8111,67.0968,13522717
2017-03-02,67.0682,67.5254,66.8301,67.392,8916264
2017-03-03,67.4397,67.6397,66.5539,66.6968,9303591
2017-03-06,66.6682,67.0825,66.4587,66.5539,9182575
2017-03-07,66.573,66.8682,66.5349,66.5444,7282861
2017-03-08,66.861,67.1872,66.7171,66.9665,7979841
2017-03-09,66.9185,67.1968,66.7363,67.0241,7564480
2017-03-10,67.1584,67.5086,66.9665,67.2543,7098829
2017-03-13,67.1488,67.5901,66.8802,67.1104,6802511
2017-03-14,67.9451,68.3145,67.8492,67.8492,9958370
2017-03-15,67.6381,67.83,67.1776,67.7148,8813794
2017-03-16,67.2639,67.83,67.2256,67.5805,7060977
2017-03-17,67.7148,67.878,66.9761,67.0529,14078353
2017-03-20,67.2927,67.5901,66.8802,67.1392,7466226
2017-03-21,67.3215,67.5422,66.861,67.0625,8746812
2017-03-22,67.1872,67.4846,66.8898,67.3982,6455594
2017-03-23,67.3503,67.4558,66.9137,67.0241,6898774
2017-03-24,67.1488,67.3215,66.705,66.7842,5858968
2017-03-27,66.6979,67.2256,66.5444,66.8322,5792586
2017-03-28,66.5156,67.5134,66.5156,67.4654,7252189
2017-03-29,67.4942,68.2905,67.4558,67.8684,6991046
2017-03-30,67.8204,68.8086,67.7724,68.6839,8141535
2017-03-31,68.4248,69.6145,68.3385,69.154,9939780
2017-04-03,69.154,69.5857,68.8661,68.9141,8291283
2017-04-04,68.8278,69.1348,68.6282,69.0868,5567317
2017-04-05,68.7318,69.3746,68.6503,68.7414,6354492
2017-04-06,68.7894,69.1731,68.4824,68.5303,5941103
2017-04-07,69.1731,70.027,68.8853,69.9407,10767602
2017-04-10,70.027,70.4971,69.7776,70.0942,7495948
2017-04-11,70.0366,70.4683,69.9695,70.4492,5810458
2017-04-12,70.5643,70.8329,70.2765,70.4588,6627297
2017-04-13,70.3916,70.665,70.1805,70.1805,5336428
2017-04-17,70.1901,70.5931,70.1805,70.5067,5465408
2017-04-18,70.5547,71.092,70.4971,70.8905,6627986
2017-04-19,71.092,71.3606,70.8617,71.0632,5940609
2017-04-20,71.1303,72.061,71.1016,71.7635,7681252
2017-04-21,71.706,72.061,71.5717,71.8979,5755691
2017-04-24,72.0322,72.3392,71.399,71.7444,7812524
2017-04-25,71.9266,72.1185,71.8211,72.0034,5720364
2017-04-26,72.2145,72.6906,72.1185,72.368,6948460
2017-04-27,72.4735,72.627,71.9746,72.3776,6052219
2017-04-28,72.1857,72.3776,71.8883,72.1281,7330420
2017-05-01,72.0418,72.6414,72.0418,72.1761,6165912
2017-05-02,72.2432,72.6366,72.1953,72.4543,7318362
2017-05-03,72.3392,72.7997,72.1257,72.6846,5523624
2017-05-04,72.8477,73.2938,72.7517,73.241,5500802
2017-05-05,73.3178,73.4946,73.0875,73.3945,5597759
2017-05-08,73.3945,73.4137,72.982,73.03,6512180
2017-05-09,73.337,73.9222,73.2314,73.6056,8255282
2017-05-10,73.7215,74.1562,73.5865,74.0789,7511921
2017-05-11,73.7408,74.0982,73.3304,73.5284,8349403
2017-05-12,73.3545,73.6443,72.7943,73.1227,5892910
2017-05-15,73.2096,73.8568,73.2096,73.6829,8843873
2017-05-16,73.5863,73.6636,72.5143,72.5432,8371802
2017-05-17,72.4853,73.142,72.3984,72.5529,10970970
2017-05-18,74.2624,75.0061,73.5284,74.8902,19166801
2017-05-19,75.3055,76.7253,75.1123,76.0782,18581717
2017-05-22,75.9623,76.3003,75.6194,75.8657,8897554
2017-05-23,75.8946,76.2713,75.7594,75.8077,7584938
2017-05-24,75.8753,75.9191,75.4697,75.4793,7503976
2017-05-25,75.6822,76.1554,75.4793,75.6339,6134952
2017-05-26,75.6918,75.8559,75.1316,75.46,6125781
2017-05-30,75.3345,75.7208,75.2669,75.4793,5410351
2017-05-31,75.6725,76.223,75.5469,75.914,8201738
2017-06-01,75.9526,77.0826,75.914,77.0826,8153099
2017-06-02,77.073,77.1985,76.5128,76.8991,7996466
2017-06-05,76.8798,77.7249,76.7639,77.5172,10145727
2017-06-06,76.7156,76.8412,75.5856,76.2327,11525875
2017-06-07,76.3776,76.7832,76.0424,76.4452,8511711
2017-06-08,76.8605,77.3917,75.5566,76.2327,10933040
2017-06-09,76.3293,76.8412,76.0299,76.7059,9405124
2017-06-12,76.6866,77.6235,76.1458,76.5321,10410592
2017-06-13,76.5031,76.8508,76.1941,76.8025,5528030
2017-06-14,76.8025,77.2999,76.5514,77.1695,5006516
2017-06-15,76.4741,76.59,75.1027,76.2134,11297169
2017-06-16,71.4229,72.9199,70.7854,72.6688,56233027
2017-06-19,72.804,73.4125,71.9734,72.9199,16095073
2017-06-20,73.2869,73.3255,72.746,72.9585,10019248
2017-06-21,73.0165,73.9871,72.9972,73.6346,9011423
2017-06-22,73.4318,73.4608,72.7267,72.9392,8111282
2017-06-23,73.0165,73.1903,72.0024,72.2825,13080330
2017-06-26,72.3887,73.3352,72.3597,72.9199,8587480
2017-06-27,72.9392,73.7602,72.8716,73.4125,6454384
2017-06-28,73.6443,74.1755,73.538,73.8954,6988885
2017-06-29,73.6443,73.7119,72.9054,73.3352,7063528
2017-06-30,73.4801,73.6636,73.0841,73.0937,6963283
2017-07-03,73.2483,73.7312,72.5143,72.7847,4848564
2017-07-05,72.9682,73.3545,72.5963,72.746,6037661
2017-07-06,72.775,73.3738,72.6688,72.8909,6161845
2017-07-07,73.0648,73.229,72.4853,72.7557,5307064
2017-07-10,72.5819,72.7364,70.6309,70.7275,15066660
2017-07-11,70.8723,71.5194,70.8241,70.9593,7532631
2017-07-12,71.1428,71.674,71.1428,71.4132,5700157
2017-07-13,72.1183,72.6784,71.9637,72.4853,8160487
2017-07-14,73.6636,73.9388,73.3159,73.7312,9151859
2017-07-17,73.6829,74.2431,73.5863,73.7602,8835576
2017-07-18,73.6443,73.9272,73.4028,73.596,4314853
2017-07-19,73.4801,73.6153,73.0165,73.2773,5313563
2017-07-20,73.3835,73.6443,73.1131,73.4221,4965379
2017-07-21,73.2483,73.6249,72.9682,73.5477,7153326
2017-07-24,73.4318,74.5183,73.4318,74.2624,7388035
2017-07-25,74.9578,76.1651,74.7453,75.8367,11503953
2017-07-26,75.8657,76.4645,75.2765,76.2037,6716055
2017-07-27,76.0299,77.1261,75.7981,77.0536,8052464
2017-07-28,77.073,77.2227,76.817,77.0826,4975216
2017-07-31,77.0923,77.5945,76.9715,77.2565,6263189
2017-08-01,77.5076,77.9712,77.2661,77.749,5726547
2017-08-02,77.5945,78.3382,77.5559,77.778,8673035
2017-08-03,78.5603,78.966,77.9132,78.1064,9946948
2017-08-04,78.2899,78.6183,77.4689,77.7297,7141805
2017-08-07,77.8166,78.6666,77.7877,78.5024,5484512
2017-08-08,78.3961,79.0626,78.1354,78.8018,7381407
2017-08-09,78.831,79.6862,78.6278,79.3169,6606508
2017-08-10,78.7921,79.1128,78.2867,78.3936,8044995
2017-08-11,78.4616,78.967,78.102,78.1409,7905495
2017-08-14,78.3256,78.9573,78.2381,78.4325,7792028
2017-08-15,78.5588,79.1128,78.277,78.5005,7066058
2017-08-16,78.9865,79.1517,78.277,78.7046,11535953
2017-08-17,76.6345,77.5626,76.1291,77.4606,17293701
2017-08-18,77.3828,78.0923,77.0524,77.0815,9752957
2017-08-21,76.8969,77.8202,76.5761,77.4703,9613928
2017-08-22,77.5578,77.9077,77.4703,77.7716,6546099
2017-08-23,78.0923,78.2964,77.6355,77.7133,7799306
2017-08-24,78.345,78.6074,75.6626,76.1388,19128041
2017-08-25,76.2943,76.8677,76.2749,76.4206,9902189
2017-08-28,76.2068,76.2572,75.6723,75.8375,8621494
2017-08-29,75.4876,76.7608,75.3224,76.5567,7665191
2017-08-30,76.6053,76.8774,76.3137,76.3332,5829829
2017-08-31,76.3915,76.5373,75.8667,75.8764,8194750
2017-09-01,76.1096,76.2943,76.0124,76.1679,6474360
2017-09-05,75.7597,77.6452,75.7112,77.5578,12068490
2017-09-06,77.6355,78.1409,77.48,77.8299,8426125
2017-09-07,78.0632,78.4908,77.7521,77.8688,6820752
2017-09-08,77.4995,77.6307,75.5459,76.6636,9999593
2017-09-11,76.926,77.1204,76.4498,76.858,7000240
2017-09-12,77.0718,77.6647,76.9455,77.3731,6004985
2017-09-13,77.3731,78.413,77.3537,77.6161,8823746
2017-09-14,77.548,77.5772,76.9892,77.4411,6939333
2017-09-15,77.5675,78.4811,77.0427,78.1215,13317757
2017-09-18,77.9562,78.8407,77.7036,77.7521,8176067
2017-09-19,77.9271,78.1992,77.4606,77.8007,6174358
2017-09-20,77.9174,78.2964,77.6258,78.2381,5318194
2017-09-21,78.3061,78.3061,77.48,77.7619,6430256
2017-09-22,77.6452,77.8299,77.0184,77.2954,5755262
2017-09-25,76.7025,77.8493,76.6442,76.926,8547808
2017-09-26,76.8191,77.3051,76.7025,77.1593,5835332
2017-09-27,77.1884,77.3342,76.4595,77.0621,6314623
2017-09-28,76.7802,76.858,75.925,76.7316,12372825
2017-09-29,76.6345,76.7802,75.7889,75.9444,10353361
2017-10-02,75.7112,76.615,75.3224,76.2457,7709220
2017-10-03,76.615,77.4217,76.5373,76.9941,7936742
2017-10-04,77.0427,77.5396,76.8483,76.8677,6173376
2017-10-05,76.9455,77.5675,76.858,77.1787,5138671
2017-10-06,76.5664,76.9455,76.0513,76.7802,6246655
2017-10-09,77.2662,79.0934,77.17,78.2673,13493044
2017-10-10,80.3568,82.495,80.2888,81.7661,25123962
2017-10-11,82.2035,83.8654,81.7369,83.3211,18561005
2017-10-12,83.292,83.9432,82.67,83.6807,12876987
2017-10-13,83.8168,84.5069,83.8168,84.1861,9389049
2017-10-16,84.1473,84.1861,82.6311,83.3309,9300326
2017-10-17,83.0976,83.9291,82.9236,83.5641,5851546
2017-10-18,83.7293,83.9414,83.5933,83.7974,5472088
2017-10-19,83.7293,84.225,83.356,83.9723,7028958
2017-10-20,84.1667,84.9928,83.8557,84.9831,7617753
2017-10-23,84.8859,86.4215,84.8082,86.1591,10586033
2017-10-24,86.198,86.3049,85.4399,85.5079,7700872
2017-10-25,85.3816,86.1105,84.9734,86.0036,5186064
2017-10-26,86.1688,86.6062,85.5468,86.1299,6484941
2017-10-27,85.6634,85.9064,84.7012,85.6926,6617000
2017-10-30,85.469,85.4788,83.9636,84.5069,7051993
2017-10-31,84.4194,85.0025,84.1667,84.8567,6006933
2017-11-01,84.6235,85.9113,84.5555,85.469,6176079
2017-11-02,85.7995,86.6598,85.333,86.3049,5183089
2017-11-03,86.5187,87.3545,86.266,87.1602,6512059
2017-11-06,86.9075,87.1602,86.1883,86.2077,5257445
2017-11-07,86.3729,86.5576,85.8286,86.4507,5349331
2017-11-08,86.6062,87.8794,86.5965,87.7239,6767543
2017-11-09,87.4129,88.0251,86.8394,87.7627,6756423
2017-11-10,87.7044,89.1137,87.6655,88.3653,7647801
2017-11-13,88.4819,89.3955,88.3167,88.4333,8491567
2017-11-14,88.1515,88.6374,87.6461,88.5305,9834133
2017-11-15,87.8016,88.2973,87.131,87.3059,8433438
2017-11-16,92.4473,96.8792,92.0585,96.8209,38122384
2017-11-17,96.4515,97.3165,93.8663,94.7313,23575513
2017-11-20,93.7302,94.8965,93.0693,94.741,16394324
2017-11-21,94.9937,95.1686,93.6136,93.808,12746499
2017-11-22,93.9343,94.0897,93.4095,93.7011,8918247
2017-11-24,94.1481,94.498,93.8177,93.9052,4496117
2017-11-27,94.1287,94.9062,93.5941,93.9052,8904890
2017-11-28,93.876,94.1627,93.1276,94.0509,8709645
2017-11-29,94.4883,95.4991,94.1578,94.8187,11424004
2017-11-30,95.3338,95.674,93.7982,94.498,12854680
2017-12-01,94.8673,94.9645,93.5261,94.6146,8296198
2017-12-04,94.984,95.2075,93.9586,94.2842,8956524
2017-12-05,94.2745,95.1881,94.1967,95.0812,9010067
2017-12-06,95.7357,95.8823,95.0031,95.0421,7140986
2017-12-07,95.3269,95.8376,94.9242,95.0519,7502602
2017-12-08,94.9439,94.9734,94.4214,94.826,5821061
2017-12-11,94.718,95.5332,94.5707,95.1992,8928919
2017-12-12,95.1207,95.5037,94.8751,94.9734,7810642
2017-12-13,94.9341,96.1617,94.826,96.0144,7879383
2017-12-14,96.6577,96.81,95.3662,95.3957,9385769
2017-12-15,96.2894,96.7314,95.1796,95.376,16142788
2017-12-18,95.7001,96.4171,95.6216,96.1519,7964436
2017-12-19,97.9984,98.126,96.535,97.0359,12012168
2017-12-20,97.7037,97.8707,96.6921,96.9867,10729805
2017-12-21,97.5466,97.5564,96.2305,96.3091,7369128
2017-12-22,96.3876,96.6626,95.9359,96.4564,5478682
2017-12-26,96.5939,97.6644,96.5939,97.3894,4295891
2017-12-27,97.7823,97.8216,97.0652,97.4876,5140793
2017-12-28,97.743,97.8412,97.3501,97.6251,9763936
2017-12-29,97.6251,97.91,96.9867,96.9867,7144273
2018-01-02,97.5269,98.0082,96.7609,96.8296,10150490
2018-01-03,97.085,98.2144,97.0064,97.6742,8903576
2018-01-04,97.7626,97.9984,97.1449,97.7626,6830407
2018-01-05,97.8609,98.5876,97.8314,98.3421,7283990
2018-01-08,98.46,99.9332,98.4207,99.7957,8843872
2018-01-09,100.2082,100.5225,98.5189,98.5975,7312744
2018-01-10,97.9689,98.1064,96.7707,97.8903,7930420
2018-01-11,97.9198,98.6564,97.0162,98.2341,6537682
2018-01-12,98.5975,99.6287,98.5091,99.0689,6951178
2018-01-16,99.5305,100.0903,98.5484,98.8921,7170701
2018-01-17,99.3439,101.1019,98.9019,100.8662,8681944
2018-01-18,102.8698,103.0662,101.7698,102.4376,12307866
2018-01-19,102.7716,103.0564,101.8091,102.7225,8378580
2018-01-22,102.6341,103.5671,102.1823,103.5671,7308268
2018-01-23,103.41,104.2497,102.7028,104.0091,8287814
2018-01-24,104.451,104.5394,102.9484,103.901,6823108
2018-01-25,103.96,104.8979,103.96,104.6966,5857136
2018-01-26,105.0894,106.4743,104.7752,106.4546,6786305
2018-01-29,106.1796,108.0162,106.0618,107.5939,8355204
2018-01-30,107.1912,107.412,105.2377,105.8064,9180477
2018-01-31,105.8457,106.2484,104.176,104.6966,9812836
2018-02-01,104.068,104.6573,103.3019,103.6359,6386836
2018-02-02,103.2725,104.5689,102.2903,102.6144,9253068
2018-02-05,101.5537,102.7421,95.3564,98.3028,12561594
2018-02-06,95.8966,99.2751,95.5135,99.0984,16413797
2018-02-07,98.7055,102.7225,98.2242,101.0135,11165223
2018-02-08,101.3868,101.6323,98.2144,98.2341,13975058
2018-02-09,98.735,99.2948,94.7082,97.5957,14184609
2018-02-12,98.3421,98.6515,97.0359,97.7725,9135144
2018-02-13,97.5564,99.4126,97.5564,99.1769,6622769
2018-02-14,99.0591,100.4243,98.4207,99.8841,7307584
2018-02-15,100.7189,101.7894,100.0118,101.3868,7494919
2018-02-16,101.2493,103.0662,100.1608,102.9091,16064310
2018-02-20,95.2582,96.1912,92.4198,92.4296,52088475
2018-02-21,93.4117,93.6376,89.6109,89.8858,49503726
2018-02-22,89.7975,91.7225,89.6796,91.1135,20364982
2018-02-23,91.2216,91.8207,90.1216,91.2314,12791460
2018-02-26,91.2412,92.1251,90.5733,91.4573,14699278
2018-02-27,91.9582,92.0466,89.876,89.8858,13376071
2018-02-28,90.3573,90.4555,88.393,88.4028,14143695
2018-03-01,88.56,88.5698,86.144,87.4894,18909571
2018-03-02,85.7117,87.3126,85.6823,87.1849,19043367
2018-03-05,86.5662,88.8841,86.4988,88.3733,13383214
2018-03-06,88.7367,88.8841,87.0474,87.4698,11054682
2018-03-07,86.4091,86.9492,85.7756,86.1733,11453034
2018-03-08,86.7168,87.0726,86.2919,86.865,9588676
2018-03-09,87.1811,87.6554,86.4797,87.6554,9754352
2018-03-12,87.6356,88.3667,86.8255,87.0132,8474026
2018-03-13,87.3293,87.8332,86.9244,87.2404,7172984
2018-03-14,87.4479,87.9221,86.45,86.618,11040586
2018-03-15,86.6279,87.7245,84.8722,86.4599,16615179
2018-03-16,86.6674,89.0089,86.45,88.1,28395992
2018-03-19,87.8431,88.0061,86.0548,86.4006,12053365
2018-03-20,86.8057,87.0893,86.3216,86.8946,8257950
2018-03-21,86.8353,88.6039,86.6279,87.1219,11836041
2018-03-22,86.4797,87.2108,85.9461,86.0943,12248169
2018-03-23,86.3018,86.6871,84.2567,84.395,10125050
2018-03-26,85.1854,86.6377,85.0767,86.45,9199774
2018-03-27,86.9045,86.9835,84.4543,85.0174,6545769
2018-03-28,85.2249,87.1811,85.1557,86.7168,11576255
2018-03-29,86.8452,88.2679,86.7168,87.9024,9274565
2018-04-02,86.944,87.1811,83.8219,84.5234,19128893
2018-04-03,85.215,85.9066,84.5234,85.7584,9695513
2018-04-04,84.5728,86.4451,84.4147,86.1734,6536578
2018-04-05,86.5488,87.2849,86.0054,86.7563,6380937
2018-04-06,85.7881,86.8452,85.0965,85.6497,6349953
2018-04-09,85.8078,86.4006,85.2051,85.2447,8368142
2018-04-10,85.7979,86.0548,84.6321,85.4126,9728223
2018-04-11,84.968,85.8177,84.7704,84.8791,6278985
2018-04-12,85.1557,85.7881,84.3851,84.4049,6856320
2018-04-13,84.8593,85.2348,84.1678,84.9878,7559151
2018-04-16,85.1656,86.5982,85.0867,85.7979,7020673
2018-04-17,86.4303,87.112,86.3611,86.8452,6801912
2018-04-18,87.1416,87.4973,86.4599,86.5192,5854040
2018-04-19,86.3611,86.9835,85.5411,86.8353,6588348
2018-04-20,86.8156,87.3195,85.63,85.9363,8324886
2018-04-23,85.8473,86.0351,84.9878,85.0668,7360466
2018-04-24,85.7288,85.8671,84.5432,85.4917,8469716
2018-04-25,85.2842,86.6476,84.8593,86.124,6755577
2018-04-26,86.124,87.2602,85.8572,86.8847,5782548
2018-04-27,86.8156,86.8452,86.0351,86.2425,5651105
2018-04-30,86.8847,88.584,86.865,87.3985,8685876
2018-05-01,86.618,86.9539,85.3099,86.3611,6957660
2018-05-02,86.0845,86.2022,85.1261,85.3039,6082960
2018-05-03,85.1557,85.2545,84.0986,85.1953,6876105
2018-05-04,84.968,87.0428,84.3357,86.4797,6971479
2018-05-07,86.4401,86.45,84.2468,84.4444,10783644
2018-05-08,84.4938,84.8198,83.901,84.7111,6551439
2018-05-09,81.5693,82.6759,81.016,82.0633,32265233
2018-05-10,82.1628,83.2852,81.5364,82.2125,15857647
2018-05-11,82.2125,83.0377,81.4767,82.8985,9934779
2018-05-14,83.4055,84.3042,83.167,83.9026,9499241
2018-05-15,83.5746,84.3898,83.3161,84.0319,9322923
2018-05-16,84.3799,86.1247,84.2506,85.6326,13733627
2018-05-17,86.5373,87.0842,83.3658,84.0021,29720738
2018-05-18,83.7535,83.9524,83.0078,83.157,12043137
2018-05-21,83.6541,84.0518,83.3359,84.022,10715741
2018-05-22,84.012,84.3202,82.809,82.8885,8067349
2018-05-23,82.471,82.5406,81.6955,82.5306,9399188
2018-05-24,82.5207,82.5207,81.3077,82.3715,8576228
2018-05-25,82.3715,82.8587,81.8446,81.9838,5913537
2018-05-29,81.4867,82.0434,81.3374,81.9241,8428164
2018-05-30,81.9739,83.7436,81.7849,83.6342,9314100
2018-05-31,83.4552,83.8231,82.0335,82.0633,11468708
2018-06-01,82.5604,82.9382,82.3715,82.5107,5237864
2018-06-04,83.0178,85.0261,82.8189,84.9267,10921966
2018-06-05,84.9565,84.9764,83.7635,84.1313,8281419
2018-06-06,84.4594,84.6556,83.8629,84.0717,7362807
2018-06-07,84.2904,85.2647,84.2009,84.4594,7705710
2018-06-08,84.2904,84.6979,83.6541,83.8728,7602411
2018-06-11,83.9225,84.0518,83.3061,83.8132,6252274
2018-06-12,83.8331,84.1015,82.988,83.6143,8061710
2018-06-13,83.4055,83.8828,83.3673,83.6044,6358420
2018-06-14,83.7336,84.3202,83.1868,83.3061,7517427
2018-06-15,83.0178,83.505,82.5803,83.2166,12503000
2018-06-18,82.5704,83.0874,82.3417,82.5207,8502338
2018-06-19,82.123,83.1371,81.8943,83.1272,9352518
2018-06-20,83.2266,83.3359,82.6798,83.1272,7966579
2018-06-21,82.9184,84.0617,82.4163,83.7237,8091999
2018-06-22,83.9722,84.36,83.6143,84.3302,11005783
2018-06-25,84.1015,86.0999,83.9921,85.9706,15939481
2018-06-26,86.0303,86.5473,85.2647,85.4835,10126155
2018-06-27,85.4039,86.9847,85.0559,86.3882,10299382
2018-06-28,86.3484,86.7859,85.1902,85.3642,8466965
2018-06-29,85.4039,85.7022,85.0261,85.1554,8260329
2018-07-02,85.1554,85.4437,82.9184,83.5149,8125148
2018-07-03,83.6044,84.5588,83.6044,83.9524,4396238
2018-07-05,84.4495,85.0858,83.779,84.0816,5367491
2018-07-06,83.7137,84.3749,83.3359,84.022,5623594
2018-07-09,84.5091,85.9706,84.2805,85.4338,6575426
2018-07-10,85.4338,86.8257,85.384,86.7064,6048406
2018-07-11,86.5572,86.6467,85.8911,86.0303,5595886
2018-07-12,86.4379,86.9052,85.7221,86.0203,4889002
2018-07-13,86.0203,87.4819,86.0005,87.1935,6394443
2018-07-16,87.114,87.2134,86.3286,87.1339,4447219
2018-07-17,86.8953,88.1878,86.8953,87.6807,5911529
2018-07-18,87.8199,88.6749,87.436,87.5614,5045531
2018-07-19,87.3526,87.969,86.9052,87.2134,4883093
2018-07-20,86.8953,87.6608,86.6964,87.5515,4821730
2018-07-23,87.1438,87.6409,86.8704,87.1239,4149954
2018-07-24,87.6111,87.9839,87.1072,87.452,5589503
2018-07-25,86.766,87.5117,86.6069,87.3924,5796286
2018-07-26,87.9889,88.9135,87.6708,87.7205,6548424
2018-07-27,88.1281,88.3667,87.5216,87.621,4679671
2018-07-30,87.4918,88.4263,87.3831,88.3667,6010739
2018-07-31,88.486,89.1422,88.2872,88.7147,6708520
2018-08-01,88.3468,88.6153,87.3725,87.7304,5049950
2018-08-02,87.4321,88.3269,87.114,88.2474,4306354
2018-08-03,88.6749,89.7586,88.486,89.0826,5747195
2018-08-06,88.7942,89.4616,88.6103,89.1522,4651630
2018-08-07,89.3112,89.8382,89.1323,89.2516,4526669
2018-08-08,89.4504,89.7089,88.8539,89.53,5041896
2018-08-09,89.46,89.63,88.76,89.01,4727871
2018-08-10,88.7,90.37,88.65,90.18,8244853
2018-08-13,90.2,90.54,89.37,89.64,5879641
2018-08-14,89.64,91.12,89.63,90.85,5836806
2018-08-15,90.25,90.41,89.67,90.22,8616900
2018-08-16,100.11,100.21,97.91,98.64,42631271
2018-08-17,97.77,99.67,97.61,97.85,16463337
2018-08-20,97.67,98.29,95.95,96.0,12679293
2018-08-21,95.96,96.36,95.36,96.08,10531269
2018-08-22,96.2,96.85,95.23,95.67,7765671
2018-08-23,95.5,95.86,95.06,95.18,6096381
2018-08-24,95.09,95.66,94.35,94.95,8594514
2018-08-27,95.26,95.609,94.285,94.54,7040258
2018-08-28,94.77,96.35,94.53,96.07,9983002
2018-08-29,96.28,96.83,95.53,95.64,7862835
2018-08-30,95.5,96.495,95.45,96.1,7058718
2018-08-31,96.19,96.44,95.11,95.86,6324813
2018-09-04,95.8,96.27,95.24,95.36,8280741
2018-09-05,95.67,96.83,95.36,96.62,9474608
2018-09-06,96.53,96.72,96.01,96.45,6150827
2018-09-07,95.8,96.4801,95.64,95.83,6672449
2018-09-10,96.11,97.19,96.09,96.9,8332399
2018-09-11,97.27,97.66,96.49,96.64,6463535
2018-09-12,96.26,96.74,95.93,95.97,5900027
2018-09-13,95.32,95.6199,94.91,95.12,7652921
2018-09-14,94.53,94.84,94.35,94.59,6319383
2018-09-17,94.75,95.48,94.3733,94.82,5329819
2018-09-18,94.46,95.59,94.15,95.43,6760152
2018-09-19,95.57,95.8925,94.88,95.24,5675135
2018-09-20,95.35,95.79,94.95,95.75,5552332
2018-09-21,95.92,96.29,95.63,95.9,9530133
2018-09-24,95.44,96.0,94.86,94.92,5336981
2018-09-25,95.99,96.52,94.99,95.1,6193224
2018-09-26,95.1,95.585,94.52,94.59,5918606
2018-09-27,94.19,94.96,93.82,94.13,5363446
2018-09-28,94.28,94.37,93.69,93.91,6306274
2018-10-01,94.29,94.66,94.04,94.4,4995466
2018-10-02,93.93,95.61,93.85,95.15,7754550
2018-10-03,95.5,95.54,94.04,94.07,6327390
2018-10-04,94.07,94.5,93.2,94.21,6045259
2018-10-05,93.86,94.19,92.89,93.31,6693436
2018-10-08,93.25,94.93,93.0201,94.69,5762769
2018-10-09,95.64,97.74,95.19,97.08,11598892
2018-10-10,96.6,97.85,95.7,95.76,9002831
2018-10-11,95.81,96.29,93.6,93.92,9926549
2018-10-12,94.76,95.17,93.67,94.81,8553947
2018-10-15,94.5,94.988,93.82,93.82,8305499
2018-10-16,94.7,96.07,94.34,95.81,11241700
2018-10-17,95.18,96.62,94.9,96.56,9539386
2018-10-18,96.4,97.245,95.74,96.17,11398373
2018-10-19,96.0,97.65,96.0,97.15,8950724
2018-10-22,97.34,97.58,96.7434,97.14,7122857
2018-10-23,96.5,97.985,96.11,97.8,9405824
2018-10-24,97.5,99.17,97.275,97.56,10364712
2018-10-25,98.01,99.48,97.0,99.18,10737074
2018-10-26,98.81,99.67,98.02,98.94,14925551
